0 0
0.022 0
0.044 0 
0.066 0 
0.088 0 
0.11 0 
0.132 0 
0.154 0 
0 0.023
0.022 0.023
0.044 0.023
0.066 0.023
0.088 0.023
0.11 0.023
0.132 0.023
0.154 0.023
0.176 0.023
0 0.046
0.022 0.046
0.044 0.046
0.066 0.046
0.088 0.046 
0.11 0.046 
0.132 0.046 
0.154 0.046 
0.176 0.046 
0 0.069
0.022 0.069
0.044 0.069
0.066 0.069
0.088 0.069 
0.11 0.069 
0.132 0.069
0.154 0.069 
0.176 0.069 
0 0.092
0.022 0.092
0.044 0.092
0.066 0.092
0.088 0.092 
0.11 0.092 
0.132 0.092 
0.154 0.092 
0.176 0.092 

0 0.115
0.022 0.115
0.044 0.115
0.066 0.115
0.088 0.115 
0.11 0.115 
0.132 0.115 
0.154 0.115 
0.176 0.115 
0 0.138
0.022 0.138
0.044 0.138
0.0660.138 
0.088 0.138 
0.11 0.138  
0.132 0.138 
0.154 0.138 
0.176 0.138 
0 0.161
0.022 0.161
0.044 0.161
0.066 0.161
0.088 0.161 
0.11 0.161 
0.132 0.161 
0.154 0.161 
0.176 0.161 
0 0.184
0.022 0.184
0.044 0.184
0.066 0.184
0.088 0.184 
0.11 0.184 
0.132 0.184 
0.154 0.184 
0.176 0.184 
0 0.207
0.022 0.207
0.044 0.207
0.066 0.207
0.088 0.207 
0.11 0.207 
0.132 0.207 
0.154 0.207 
0.176 0.207 
0.022 0.230
0.044 0.230
0.066 0.230
0.088 0.230 
0.11 0.230 
0.132 0.230 
0.154 0.230 
0.176 0.230 
 
